02471
02261
03077
00030
00752
02960
02141
00134
01769
00550
00798
03359
00050
01361
01251
00500
03431
00542
03044
00102
02033
00008
03202
01216
00333
01102
00907
00273
01280
03645
01922
00853
00737
00242
01093
01466
00433
02463
02134
00422
00892
03777
02511
00809
00184
00722
01009
02862
02023
01886
01695
02494
00387
01516
02543
02425
03057
01881
02143
01561
00633
00825
00279
00149
01912
02055
01867
02583
00304
01239
00486
00990
01705
02256
00566
02086
01675
01144
01878
01331
01076
01474
00125
00133
01933
01668
03341
02452
02902
00112
02367
03589
01263
00152
00861
01739
00521
03474
02849
01163
01981
01213
01354
00225
01676
02450
03104
03367
03753
00817
00043
00785
03910
00203
00653
02489
03122
00887
00656
00164
02302
00668
00099
00520
02811
01726
02092
00381
01942
01304
01438
00137
03627
00776
02290
01851
02030
03780
03385
00684
00629
00663
00297
00729
03762
03715
02296
01708
01706
01197
02258
00123
00917
00014
00295
00266
01291
01592
01575
01858
03099
01545
00249
01596
02113
01293
01376
03699
00607
00075
03534
01330
00544
00693
01913
00173
01017
01124
02088
03686
01232
02074
01423
03130
02616
01302
02014
00018
01489
01178
01538
00627
01955
02133
00910
03486
01200
00340
00224
00391
02844
01691
01182
00596
02077
02660
01346
02546
00933
01661
01774
01844
02041
02414
03954
00011
01524
01105
01198
01565
00098
01284
01372
03961
02926
00145
03926
00819
03828
00063
00445
00348
01419
00367
00806
00185
00040
00579
00402
01850
01436
01735
00703
02422
02307
01513
01451
00062
03618
03494
00638
01841
02503
00914
02746
00573
02155
02625
00308
00584
01375
01249
01918
00428
00226
01775
00772
02842
00496
00783
00583
00467
02608
00948
01827
02754
00056
00071
00699
02548
03578
02724
00630
00369
03837
02124
00283
03477
03455
03241
01529
01820
01857
01678
00727
01289
03016
00502
00683
01362
00319
01120
01358
03863
02090
03922
01117
00551
01925
03801
00524
00294
02507
03854
01497
01961
00786
02132
02730
00437
03386
01007
00996
00801
02350
03731
02894
00516
02487
02715
02558
02064
03839
02197
01193
03836
03856
01959
03607
01386
00529
01370
00259
01686
02430
01382
02774
00371
00265
03806
03673
00241
01273
02475
00645
01731
03749
01916
01713
00212
00013
02183
01104
00523
03903
01812
01459
01083
03375
01121
02252
00129
01620
00264
00827
01633
00894
01977
01506
01818
01736
01598
02096
00155
00973
02695
00804
01267
01530
01533
03483
02752
03270
00865
01458
02478
02020
03436
01096
02717
02469
00587
00020
00565
02990
03842
01734
01227
00398
02870
00353
02980
00741
00503
00027
00072
00891
00899
00366
03288
01019
01338
00144
00756
02710
00438
01054
02049
01058
01921
02541
02173
03639
00403
01738
00084
02597
01053
02006
00380
00672
01158
03736
01645
03243
02874
00625
01255
00857
01148
00705
03662
00159
01210
00429
01800
00622
02916
01527
03116
00106
00838
01722
01237
00514
03528
00511
01967
02032
00310
01184
00821
00577
00345
00924
00210
00590
02800
00606
02167
02050
01082
01394
01704
03585
00735
00936
01865
02001
01219
01526
02512
00038
00243
01281
02135
02871
03951
03403
00386
01048
01430
03005
01091
00636
01856
02128
01938
02595
00046
03713
01036
03723
01923
03236
02019
03342
01816
00119
02010
03487
00748
00679
00647
01733
03542
02573
01442
02200
00354
00888
00003
01010
01064
02920
03401
02423
00328
03376
01188
01256
00856
02614
03439
01013
01245
01426
00431
03007
02123
00153
03209
01887
02355
01986
00378
02688
01830
03461
02037
02102
00232
01296
00937
00315
02066
01049
02255
00634
03452
00217
01033
00609
00399
01914
03187
01641
01601
01055
02035
00829
01602
01454
00016
01340
02043
02706
00921
01627
02017
02161
00624
00240
03684
00649
03906
01387
01359
00388
01549
01457
00836
03418
02673
01165
02054
00742
03694
00553
00939
00168
00546
00682
03569
01351
00769
01650
02493
00775
00492
02799
01287
03043
00113
01696
02530
01250
01935
00389
03902
01052
00209
01785
02864
01003
01441
02561
00188
02549
01246
02773
03338
03054
01737
01804
00700
01957
00732
00227
01046
00350
02012
02490
00081
00904
00179
01766
00744
00880
03442
00051
03826
02411
00305
03340
00318
02079
01187
01132
01964
03033
02654
00586
00207
00749
03324
02403
03583
03073
02202
02992
03750
03433
01333
01488
01801
01535
01203
00934
02078
00595
00083
03636
00193
01618
01305
00466
01122
00456
02707
00984
00001
03559
02956
01823
00757
00458
00613
03196
02323
03038
00890
00233
01712
00536
00851
02586
00406
00610
02500
03267
01422
00867
01126
01985
00267
01286
01572
03071
03940
00830
00156
01247
00915
01943
01929
01345
00289
01324
00383
03654
01987
02378
00495
03084
03282
02199
01486
00060
00761
01452
00702
01389
01647
01756
03083
01743
02824
01475
01347
00530
03111
01470
03890
00017
01015
01698
01903
01308
00765
02900
00878
00995
03069
00408
00789
01153
01075
01906
01543
01658
01717
03046
01685
00635
03635
00313
03811
00961
00140
00230
01170
01271
01467
02893
03647
00518
03192
03916
00277
02053
02056
00898
00314
01760
02127
00953
00239
01949
00288
00307
01573
01817
02028
00461
03799
00860
02568
01869
03508
01771
02963
02018
01413
02596
03932
01909
02075
01288
01119
03205
02678
01757
03072
01090
00692
01772
00738
03223
01495
02885
01932
02103
01283
01034
02795
01410
01230
00368
01994
01952
02878
03101
01285
03068
01973
01656
03144
02280
01434
02098
00673
02817
02069
00828
00171
00725
03417
00204
01790
00602
01456
01343
03790
00320
00394
00871
01607
00745
01783
01478
00994
00979
00416
02233
01805
00970
01404
03925
02111
03959
00454
01087
02756
00810
01446
02727
00701
00913
03251
00372
02994
02943
01113
01473
03663
03764
01316
01781
01224
01011
00895
02094
01169
02357
02896
03298
01819
01137
03957
00101
00300
03094
03285
03113
01773
01626
00356
03800
00393
00251
00859
00864
03860
01084
01152
00117
00720
01999
03457
00049
01221
01522
01085
00604
00041
00739
00889
01646
00121
03249
03824
03604
03733
02685
01225
00730
03885
03039
02027
02786
02198
00091
00247
03311
02647
00357
02065
01637
01848
03628
00474
01833
01179
01484
03793
01272
02591
01715
02869
01509
00818
03163
03883
00791
00920
03197
03881
03402
02291
01507
00643
01895
01560
01261
00471
01590
00540
02825
03937
01888
02177
00750
01768
01677
02013
03617
00397
00444
03193
01147
00078
00329
00814
01229
01628
01514
00130
01750
00762
01167
01810
00034
00671
00795
00572
01659
01462
00082
00107
03781
00617
00392
01228
00493
01897
02150
01636
02602
02996
01872
01683
01643
02318
02514
01099
01926
02129
02719
02345
01397
00475
01899
00322
00962
00142
03748
01206
01786
01278
01143
01725
01180
01746
00942
00766
01864
01186
01390
01673
00379
01396
02340
01002
00139
01078
01937
03397
00436
00955
00213
02545
01759
01508
03846
03712
01222
00205
00823
00956
01032
03935
00108
02282
02067
00833
01534
00468
01453
01185
00005
02211
00114
02760
00525
00069
01689
01460
01814
01521
00774
01363
00946
00229
03706
00189
00848
02046
03873
00681
03449
03289
00055
01512
01910
03501
00831
01611
00957
00944
01890
00866
02976
00845
03458
03956
01835
02058
03244
00688
02758
03680
01692
00421
01439
00787
00621
01490
00321
00365
02068
01693
02240
00593
03091
02406
03499
00900
00211
03263
00813
00986
00061
03784
02119
03868
01327
01892
02540
00869
02815
00930
01500
01368
01088
00023
03148
03323
01334
00088
00531
02725
03237
03841
03257
01150
00780
02162
02633
02004
02400
02551
03211
00893
01156
00537
02062
00037
02112
01744
03200
00165
01989
01752
03291
01125
00167
01511
03086
01684
00191
00706
01748
01934
00296
01707
01174
00499
02421
00870
01248
01660
01860
03518
03221
02259
02042
02808
00832
01435
00214
01031
01235
01930
02634
00146
01882
01562
02910
03674
02195
01366
01898
03448
03349
02674
01403
01847
00085
01983
00360
01821
00473
00469
01322
00526
03630
03142
02897
00598
01582
00884
00863
01208
01721
01062
01303
03754
00773
00435
01493
00076
02901
02109
03914
01843
02453
01253
01958
01254
02718
01566
01325
00580
03109
00504
03746
03374
00197
03329
01380
00284
01131
02911
02398
00717
00415
02101
00347
00201
03322
01665
03348
01321
01593
00488
03882
03372
00982
03711
01266
02190
00293
00620
02831
02106
01257
02051
03600
00073
01388
01035
01448
00058
00281
00715
03047
03665
01400
00678
02818
00282
00919
01268
00236
03952
01101
00872
00788
03050
03256
03730
00611
02738
02671
02447
00513
00592
00160
01233
00260
00089
01069
01953
03258
01502
00382
02993
03391
00723
03479
00219
03259
02288
01803
01401
01199
03742
00430
03719
00585
00412
00483
02820
01631
03571
01133
03921
00660
03678
03855
01056
00370
02873
01662
00286
01632
02881
02649
00077
02474
00116
01421
01191
00969
00619
01000
03545
00426
03597
00151
00519
01657
01166
00190
00110
03611
01160
02571
01172
00124
00131
03642
03430
00886
00478
01651
00132
03646
01350
00822
01395
00065
02327
00753
01408
01694
02823
03874
02002
01110
01846
03588
03204
00689
02833
00489
00575
01311
01024
02648
01181
02016
02693
00054
01946
01130
01638
03802
02334
02687
01965
02784
01714
02611
03664
00837
00855
01371
01787
01468
02914
01729
01164
01531
01161
01294
01798
01364
02295
03955
01420
00446
02089
00710
03424
01218
03965
03853
02279
02987
00740
00626
01190
01274
01205
03035
01392
01292
00180
01100
00447
02025
01342
01885
01504
00404
00862
01014
00997
01570
01318
03299
01063
02152
00628
01876
01900
01755
00799
01335
01893
01951
00147
03697
00808
00562
00923
02603
00824
01619
01584
01520
01337
02399
02104
01829
00746
00576
03720
01591
00464
03705
02005
01777
00485
02022
00792
01939
00632
03895
01807
00569
01718
00661
02085
01588
01581
02677
00472
03566
03962
01226
01039
02955
02462
00477
00935
01432
00349
00425
03570
00879
00138
01889
03629
01813
02721
03878
01546
00194
02271
01025
03687
01155
00563
01379
01095
02526
00161
01510
00042
02003
03536
02780
00751
00992
03179
03245
00532
02359
01901
01326
03279
01870
03538
01022
00497
02040
02498
00906
03943
00361
01557
01642
00559
00680
01595
02807
03120
00312
02802
00490
03865
03167
01873
02426
00637
01960
00336
01414
03304
01042
03131
01980
01871
03358
00916
01784
02071
01171
01112
00901
02636
02237
03336
01679
00974
01077
00026
02508
03136
00268
00334
01244
03010
02176
00676
01301
01778
03292
01464
00552
01277
03966
01988
00290
00911
02024
00494
00285
00718
02201
00763
03265
00778
00951
00694
03023
01730
01276
01907
03081
00223
00376
00363
01476
00664
00850
03498
00177
00024
01859
00442
00202
02099
01866
01040
02703
01445
00940
03030
01767
01107
00533
00561
00883
00269
00800
03896
01135
00977
03198
02120
01515
01617
00794
00835
00009
01313
03766
02358
00187
01754
02623
01839
01098
02876
01875
00993
01879
01482
01688
03562
01880
01134
01911
01431
00616
01103
01826
00414
01138
01883
01915
03161
01068
02388
02509
02389
00487
03070
00554
00987
02241
01690
00759
03726
03143
02599
01945
00803
03689
00640
00278
01674
03065
01811
02250
02076
00816
01141
01956
01142
01896
01853
02082
00726
01094
00096
00805
02999
01415
00501
00080
00538
03898
02365
01365
02031
01355
00070
02927
03102
00237
00100
01159
00326
01279
01894
02928
00601
03953
00768
02401
03364
00903
01433
01336
02097
02320
01984
00535
01258
02579
02091
03478
02804
02584
01162
02829
01537
02640
00782
01576
01838
00707
01352
00462
00662
00614
02390
00945
01796
01799
00574
00182
03286
01038
00652
01357
01993
03650
01567
00346
02476
00299
01300
00698
03207
02813
00257
00109
00796
00781
00064
01716
02036
00941
01207
01243
00420
02805
02351
00377
00002
03717
00090
00631
02151
02095
02642
02429
00302
01597
00362
02034
03283
00199
00677
03510
02409
03671
01936
03280
00802
03235
02702
01234
02093
02146
02883
00330
03778
01723
00506
01377
02156
00665
03590
01471
00743
01776
01990
01089
01697
00400
00181
02528
03728
01348
01455
01791
02039
00644
02651
00246
01648
03503
01667
01728
00938
00449
02383
03333
02410
00048
01051
00250
02513
00417
03002
02772
02618
01260
01605
00858
00057
02868
03370
01020
01629
03230
00148
02117
03400
01080
00968
01341
02072
01606
00206
03548
01891
00505
00882
00714
02848
00588
01792
02087
00401
00480
00711
00066
00256
02424
00976
01045
00479
00418
00667
01644
02336
01072
00262
01086
00534
00517
02905
00457
00317
03511
00734
00564
01393
03791
03669
01157
03919
00666
03139
03637
00557
00178
01779
00029
00960
00450
00195
03857
01499
02801
01740
01764
00716
02495
01465
02417
01788
